path_of_first_file_commit,keyword_index,matched_keyword,code_granularity,start_end_line,test_code,regular_expression
eslint-config\e1f56e3b5de64a02993af28082310fa3b862ea70\fixtures\input\javascript.js,1,generated by chatgpt,file,"[1,62]",,
Sefinek-Blocklist-Collection\d2c162fcc40cc323526f85da47f07a1399ccbad7\www\public\js\lazyload.js,30,generated by chatgpt,file,"[1,30]",,
mapx\e915c9e4fd316d5d50b398dd518ccf4282fa1e02\api\modules\stat\index.js,2,generated by chatgpt,method,"[6,16]",,
chat-gpt-jupyter-extension\b149cca739dfd62b56db162cb89af9abbc38c3a4\src\content-script\inject.js,54,generated by chatgpt,method,"[55,88]",,
Ikratos-MD-v1\b8401f7f78e9f5d59d352bb1b461b11749528da8\plugins\ikratos-openai.js,35,generated by chatgpt,no code,,,
AnkiBrain\afa50a099a0792f7c413450c83dd0f07ecc7c8a8\webview\src\api\server-api\cards.js,16,generated by chatgpt,no code,,,
X-GEN-MD\1db471709f1b9360ab7767aa5b364897d66d2141\plugins\xgenbot-openai.js,29,generated by chatgpt,no code,,,
virtualtabletop\4124a3b64ad10402454486ab4fa42dd783aee49f\client\js\editor\sidebar\properties.js,1,generated by chatgpt,method,"[3,84]",,
ProtoReplicant\2efea60be3f2bf77d58d6b34af4a3914bbd84b21\vrm-ui\vad-stt.js,4,generated by chatgpt,method,"[5,42]",,
yunzai-meme\e0ff65cf02d95507e9bb3af75ba3ab0044d5c4c8\meme.js,87,generated by chatgpt,method,"[88,97]",,
cheatGPT\7dac639beafc38bdb7beb841ddc030c47b4bbe8a\src\App.js,17,generated by chatgpt,no code,,,
i-m-hungry-recipe-app\9db9f9ca53e7f84af8758839490dd00103286f01\src\pages\faq.jsx,33,generated by chatgpt,no code,,,
pyspark-schema-generator\9a956fea5a2f0b4f7cc5cfbaad1e98997634f613\logic.js,54,generated by chatgpt,method,"[56,86]",,
orderlog\23980bae4eee6bb164d86fecb4fade1c910da7c1\app.js,8,generated by chatgpt,no code,,,
forecasts-viz\8cfe9ff37db7a58fb336e6d3f86d2e75cad3b2d2\src\lib\utils\cssSafeName.js,2,generated by chatgpt,file,"[1,57]",,
law-reading-robot\50bad16e485fdc9674c06b76d003080bf3b24b17\src\components\Header\DisclosureDialog.js,62,generated by chatgpt,no code,,,
companies-db\1e8581a45a9d56130bad6aaf7e2e935dfb306949\services\officers\loadBulk\gzipFile.mjs,5,generated by chatgpt,method,"[1,27]",,
utilsNodeJs\8bd1fec924b2b1141b47c2a10911ed8035002918\src\Sorter.js,1,generated by chatgpt,file,"[1,44]",,
dezign-brief\498631cf201079123044912255999001464e96a8\app\layout.jsx,10,generated by chatgpt,no code,,,
facebook-sponsor-blocker\27b5d65a0824a049c13b32d917309d6e9fe581d6\content_scripts\constants.js,37,generated by chatgpt,statement,"[24,184]",,
dieulinhblog\916e7f8618daab269185022c164f1e7f5b017493\src\components\Landing.js,11,generated by chatgpt,no code,,,
,-1,,,,,
contrast-color-picker\f66d5be01d5eb6727d4a4d7c3705fbb2cdbe0659\site\lib\getCombos.js,1,generated by chatgpt,method,"[2,10]",,
IMSHelferchen\1eeb7bd1e620078019c67478c236b917d5604eeb\navigation.js,43,generated by chatgpt,no code,,,
Using-Konduktiva-With-MIDI\a4fe0844bfcb987ecdd1d62441365df72220678a\infoFromArray.js,75,generated by chatgpt,method,"[[77,92],[96,98],[102,104],[113,115]]",,
Using-Konduktiva-With-MIDI\554f86a5e9de09730cafe86ec9d27e131bb86600\utilities-string.js,35,generated by chatgpt,method,"[38,40]",,
matsu-tech-blog\ac4c4479e9000c0a8d85bbd0d5df52aaa19d8939\seeds\postSeeds.js,6,generated by chatgpt,statement,"[4,78]",,input
Flatfish\4435fd5a27fc8618aa31cf2e303cc9b4506a8d5f\src\components\About.js,6,generated by chatgpt,no code,,,
cmpm169\1b7a001093a908cd6a4d2de96c14820ada04209c\experiment5\js\sketch.js,56,generated by chatgpt,file,"[1,54]",,
personal-website-nextjs-tailwind\18d761aed5082806d8e5709ba0c52b332533ef2a\src\pages\articles\index.jsx,49,generated by chatgpt,no code,,,
aoc2022\4e308915273d92fbd7141a220216d6d577d07dfd\days1-6\day3.js,1,generated by chatgpt,file,"[1,81]",,
IMSHelferchen\1eeb7bd1e620078019c67478c236b917d5604eeb\introductiontext.js,46,generated by chatgpt,no code,,,
little_lemon\cab7ce5c1234b44a3faab808485da88a01cd5911\src\components\Home\Article.js,10,generated by chatgpt,no code,,,
jimmcnulty41.github.io\3e2b8c0ce709f023a536d1bfdeef253cb64b86e0\sims\build\lib\utils.js,112,generated by chatgpt,method,"[114,133]",,
bc14_w2d2_workshop_rps-in-dom-cabbagepatch1981\af9605c64d32e2fe7cb137cb16d1392b63ace3aa\main.js,7,generated by chatgpt,file,"[1,70]",,
ChartTrends\8a8b1bba6cae77c70808496685a7f85012c74985\public\static\js\chart-setup.js,33,generated by chatgpt,no code,,,
IMSHelferchen\1eeb7bd1e620078019c67478c236b917d5604eeb\gradeCalculator.js,119,generated by chatgpt,no code,,,
IMSHelferchen\1eeb7bd1e620078019c67478c236b917d5604eeb\timetablescript.js,127,generated by chatgpt,no code,,,
dannyspina\394f5d98952c111a0efdd6e847a937266d15c154\scripts\blog_cli.cjs,5,generated by chatgpt,file,"[1,183]",,
wppGroupMembers\8685c8ad4ed03a8f6c4b313717c0aa870a8678b2\src\main.user.js,24,generated by chatgpt,method,"[30,74]",,
DEVOPSCW\2f4986d65f54073fe9e6e5d0b17a094630843946\wardmodule\createwards.js,2,generated by chatgpt,file,"[1,133]",,
P2MANvsMACHINE\6c5672735fc08e48d4d7e3845008a0ffa57e0d0a\assets\js\tic-tac-toe.js,22,generated by chatgpt,method,"[24,37]",,
2024-S-GROUP4-SMTK\d1390b06d73d52e0fda2ee525745990aedc22b6a\small-talk\app\components\moviesPage\MovieCard.js,2,generated by chatgpt,no code,,,
demos\c8b9b51e39a76af81cc106cb61a2bc89e7803301\client\contrib\zdf\comment.js,180,generated by chatgpt,no code,,,
Bing-Chat-History\e84e3bded63150d605bba6647572445f0116eeff\src\content-scripts\utility.js,5,generated by chatgpt,method,"[[5,9],[11,20]]",,
kanban-main\ec342e96247f72a607c45f22f2ce51df728dc45a\js\kanban.js,224,generated by chatgpt,no code,,,
memory_game\47a81aaca8659296710ce620a860143a653ab310\assets\js\script.js,2,generated by chatgpt,file,"[1,37]",,
React_Project_for_course\17f59a2b4c26ec755a58f40ea0bfaf518f4a5057\src\Components\Structure\About.js,11,generated by chatgpt,no code,,,
pick-your-poison\544f9a6108876a22389073f26dc4a5d4f22b0c33\assets\js\game.js,35,generated by chatgpt,statement,"[36,263]",,input
GoogleSnakePudding\0ab6cfd5aa6f080c286b84da9ba6fa315db4fabc\ChimeraMod.js,2839,generated by chatgpt,method,"[2840,2872]",,regular expression
OA\10e3b84569d5a1665fa811e3727313904d4fd335\web\src\pages\userModule\loginPage\index.jsx,1,generated by chatgpt,file,"[1,61]",,
jsq2-game-frontend\e295c01af493913ac7e4b26689375d69976a25ff\app\utils\howToPlayData.js,49,generated by chatgpt,no code,,,
Using-Konduktiva-With-MIDI\94908d0d20eb0345457fe9275fec534ce0756330\konduktiva-revised-2.js,129,generated by chatgpt,method,"[[130,135],[175,183]]",,
folder-structure-generator\2997f4b09b425f1844d5ce9c60126087ad1641bd\helpers\createStructure.js,49,generated by chatgpt,no code,,,
Layla-wheel\fd7184bffce25df8ba028c09892cc98fc133e19b\src\wheelEditorFunctions.js,299,generated by chatgpt,method,"[300,322]",,
Using-Konduktiva-With-MIDI\dbb39f39670ffae329b1cce77ed641f9ef758710\example-melodies-data.js,290,generated with chatgpt,method,"[291,304]",,
acsense-tcd\730cc723b81283d3dc791a27c5adde0146e33c5c\acsense-tcd\composables\sortArrayOfObjectsByKey.js,10,generated by chatgpt,file,"[1,34]",,
zaharen.co\93c96811aa1b9c6ea2d6733d8cb4477a015a72ba\src\Landing.jsx,249,generated by chatgpt,no code,,,
KV6002-Research-Recruitment-Solution\f5166e15e111f085ac8c856d1eb902623e06328e\front\src\components\ViewStudiesParticipant\StudyDetails.jsx,2,generated by chatgpt,no code,,,
14828\8814e626417a24b7eede3f1502ebec9e5a95b19c\crawler\greasyfork_scripts\260.js,19,generated by chatgpt,file,"[1,281]",,
ruffle\6a94ec42bd9ad89ab68e1e57b94e8e3b125a81a4\js\tab_cloak.js,5,generated by chatgpt,file,"[1,24]",,
Visionairy-Deliverable-Code\6ce2ea68fcf1a336e7ed743e8b7a4c1830dc9a2b\node_server\Visionairy-Server.js,220,generated by chatgpt,no code,,,
atlasaiteam\8ceb992d070387beadd108e83f03e8a53fd598f1\spotlight-web-app\src\server\main-client.js,193,generated by chatgpt,no code,,,
Bing-Chat-History\a9b013bc573b42d867b0ad23e884928947a0c167\src\pages\js\utility.js,44,generated by chatgpt,method,"[[44,48],[50,59],[61,75]]",,
learner.ai\2ea6434ebbdc3892cc639f16d1d8396be1348413\components\ProfQuiz.js,149,generated by chatgpt,no code,,,
acm-fish\7e985493411a046eddd249394e7b554708072cc2\foish.js,257,generated by chatgpt,method,"[258,273]",,
parago_admin\1d0b1e3c3d1ed540d2ec1e04a26d0a7908c41914\api\controllers\event.js,455,generated by chatgpt,no code,,,
marccent\62e9aa06db2977a776348572768a29c2e023e1ab\client\src\components\mini-app\numpuz.js,187,generated by chatgpt,no code,,,
PSA-LP-Generator-Front-End-Code\0ff51c92a03cf196ee0c63dcc3fedd61b70077f0\src\pages\Create copy.jsx,402,generated by chatgpt,no code,,,
AIReviewGameGenerator\7da7a7aa2a8384e203b0349c32c79840991b49b6\testdata.gs,2,generated by chatgpt,statement,"[1,190]",,input
parago_admin\ec617872a6c887f0e541e869ec621dc7a5b0b672\src\pages\Itineraries\Itineraries.jsx,233,generated by chatgpt,no code,,,
project-flashback_f\d1d92c52e9f0cdc2db895eaf20c30700c87aeb8c\src\phase2Script.js,3,generated by chatgpt,file,"[1,276]",,
enem\4e20620b4ea461b2f9d3f3992ae4a2b946a6ff7e\js\main.js,227,generated by chatgpt,method,"[228,283]",,
wikiweaver\59c52f8f5cf4699017fd1107009bce10c433df3b\wikiweaver-web\js\index.js,55,generated by chatgpt,method,"[54,75]",,
pariwise_survey\0a19f184ce750341185d8c0a6eada6f29515fcbb\js\elo.js,177,generated by chatgpt,method,"[180,240]",,
AI-Audits-main\b4e9be358248f189d64908170186665c024850c7\src\data\Data.jsx,206,generated by chatgpt,no code,,,
simple-blocker\background.js,-1,,,,,
QuizGame\414d914a2c0d12bde01f6cee77caf8444be07b58\models\jQuestions.js,15,generated by chatgpt,no code,,,
MixShop\bfe8d60c02873010ff33aed5f4d16ccc27b400eb\modules\chatgptcontentgenerator\views\js\admin.forms.js,69,generated by chatgpt,no code,,,
libresprite-extensions\dfd82d80fa0512f60fb423d304f8790dad32e96b\src\lib\hsl.mjs,1,generated by chatgpt,file,"[1,85]",,
tic-tac-toe\6474d5146cca484b2a7b1777aabbc28786ae44fe\logic.js,32,generated by chatgpt,method,"[[33,88],[92,142]]",,
knit-gen-ai\26a4e19418537feb43d34b4b3fd3edd6d7cb3882\client\src\SearchResults.js,19,generated by chatgpt,no code,,,
eslint-config\e7a3bf385408a58f17e8882ab71ded3e673b7908\fixtures\input\javascript.js,1,generated by chatgpt,file,"[1,79]",,
car-sale-application\febda6d105bef8a7e9e081b7045dd37c750489c7\react_frontend\src\components\HomeComponent.jsx,29,generated by chatgpt,no code,,,
eslint-config\e7a3bf385408a58f17e8882ab71ded3e673b7908\fixtures\output\js\javascript.js,1,generated by chatgpt,file,"[1,79]",,
eslint-config\e7a3bf385408a58f17e8882ab71ded3e673b7908\fixtures\output\no-style\javascript.js,1,generated by chatgpt,file,"[1,79]",,
social-network-api\2f4bc3f372e9287f502141b6f730dc6adb27b695\utils\data.js,1,generated by chatgpt,statement,"[[2,43],[46,77],[80,101]]",,input
simple-blocker\c5fc6d404c95792c300cc285fcc84bae4eedec32\popup.js,1,generated by chatgpt,file,"[1,19]",,
NLP4HTML\8462a450b1cc5608e41acb8999638ea56bd9222d\node\show_images.js,1,generated by chatgpt,file,"[1,44]",,
career_companion\4a8ea0a787cd680ca1b79d97792d48ff6665e4a5\api\controllers\openaiController.js,68,generated by chatgpt,no code,,,
eslint-config\e7a3bf385408a58f17e8882ab71ded3e673b7908\fixtures\output\tab-double-quotes\javascript.js,1,generated by chatgpt,file,"[1,79]",,
GPT_Genius\4aa1fdf243935f6a752fe292423cd690320ece4b\app\layout.js,9,generated by chatgpt,no code,,,
infmape.github.io\02edf19849bc82a50eaf4b573ab2801df0ff8a1a\search.js,15,generated by chatgpt,file,"[1,31]",,
matsu-tech-blog\ac4c4479e9000c0a8d85bbd0d5df52aaa19d8939\seeds\commentSeeds.js,6,generated by chatgpt,statement,"[4,78]",,input
carbdown.github.io\cdc0cac24dc2ee633f5af2d98dbf2fe836153d76\src\pages\blogs\LabBlog.jsx,21,generated by chatgpt,no code,,,
IMSHelferchen\1eeb7bd1e620078019c67478c236b917d5604eeb\library.js,57,generated by chatgpt,no code,,,
matsu-tech-blog\ac4c4479e9000c0a8d85bbd0d5df52aaa19d8939\seeds\userSeeds.js,6,generated by chatgpt,statement,"[4,98]",,input
cheatGPT\83717436ffc1645f2c7ef53b9a15ae9e1c2c430a\src\pages\Proof\proof.js,15,generated by chatgpt,no code,,,
CarbonFootPrint_Capstone\56d243fb941cb70c2deee4903ad6d06cc09565af\app\reports\page.js,7,generated by chatgpt,file,"[1,123]",,
eslint-config\6c1e597bbd26234c1a62778c0e82f8ac9a77eaa4\fixtures\input\javascript.js,1,generated by chatgpt,file,"[1,62]",,
eslint-config\bc6d930c350dd9a0c8558d163f6ab02eb4d7685d\fixtures\input\javascript.js,1,generated by chatgpt,file,"[1,72]",,
eslint-config\e1f56e3b5de64a02993af28082310fa3b862ea70\fixtures\input\javascript.js,1,generated by chatgpt,file,"[1,62]",,
eslint-config\422c8cc495e0c6b03455f02731f6bbcb22b110b9\fixtures\input\javascript.js,1,generated by chatgpt,file,"[1,72]",,
GURUBOT\1dac2e83aab54882affeff5d8e1e001873687a96\plugins\Openai.js,39,generated by chatgpt,no code,,,
Dark-Techno\2f8b2440639f33c8c52d1c3ac60f6844b0503232\plugins\ikratos-openai.js,39,generated by chatgpt,no code,,,
xgen\1db471709f1b9360ab7767aa5b364897d66d2141\plugins\xgenbot-openai.js,29,generated by chatgpt,no code,,,
oldsite\ae0a9d56d4c664a921eb47eca9f7e6a5a6e5845c\3kh0\js\tab_cloak.js,5,generated by chatgpt,file,"[1,24]",,
eslint-config\e7a3bf385408a58f17e8882ab71ded3e673b7908\fixtures\output\all\javascript.js,1,generated by chatgpt,file,"[1,79]",,
eslint-config\e7a3bf385408a58f17e8882ab71ded3e673b7908\fixtures\output\ts-override\javascript.js,1,generated by chatgpt,file,"[1,79]",,
eslint-config\e1f56e3b5de64a02993af28082310fa3b862ea70\fixtures\output\all\javascript.js,1,generated by chatgpt,file,"[1,63]",,
ChatGPT-ToolBox\4ecd61db427d16eab0eb88a43ab66678635f8dff\toolbox-raw.js,2,generated by chatgpt,file,"[1,259]",,
unitPlayground\7605bf010e8c643094a05a983f66973cbdb02803\src\lib\js\Range.js,1,generated by chatgpt,file,"[1,42]",,
evolution-game\815797bad4e8388873530f7ce72ada82546b1c8a\public\sources.js,8,generated by chatgpt,no code,,,
cmpm169\40faf2e333ea74478f59032e2b5ac4270835b232\experiment6\js\sketch.js,81,generated by chatgpt,no code,,,
VMST-Communication-Website\11e45d41d52100df49a4631dbbb8023635a6d890\server\seeders\seed.js,107,generated by chatgpt,method,"[112,147]",,
seb44_pre_029\f7bc90af796d7b20ba3e23c45c275e992a563d57\client\src\components\Aside.js,147,generated by chatgpt,no code,,,
SapienBenchmark\fbcf1bf95b047e9fed95c4c5c33aebe8e525d56d\Section_2\app\static\JS\typing.js,12,generated by chatgpt,statement,"[13,21]",,input
nc-news-front-end\f4e91c47d2fd2c048190ed4aac5118bdf153e332\src\utils\api.js,88,generated by chatgpt,no code,,,
GPT-Vault\b037c4accd7510dd2d4f66b2941511d5c4dc5d58\src\App.js,194,generated by chatgpt,no code,,,
plannter\c9272383054b53e78ceff54a446c365c9720144c\script.js,111,generated by chatgpt,statement,"[14,110]",,input
eslint-config\58262c65272c59b8069f73126eb9e6f009911779\fixtures\input\javascript.js,1,generated by chatgpt,file,"[1,69]",,
ElectronClassSchedule\599a1c59f3880057548633e9b3774b78defed0a4\js\index.js,1,generated by gpt4,file,"[1,143]",,
6ixplore\2b9c72585d191d7c08749bf4c1efd868e3cfd5a2\sixplore\backend\database.js,5,generated by chatgpt,file,"[1,143]",,
eslint-config\422c8cc495e0c6b03455f02731f6bbcb22b110b9\fixtures\output\tab-double-quotes\javascript.js,1,generated by chatgpt,file,"[1,72]",,
cleve\3bbe82d3d300498a21fd1d7d6ed19b6c01d5223e\cleve_frontend\src\components\Chat.js,24,generated by chatgpt,no code,,,
marccent\62e9aa06db2977a776348572768a29c2e023e1ab\client\src\components\inc\inc.js,159,generated by chatgpt,no code,,,
WTA2023Q2_FlappyBird\64efa4c68ed31c685d15953c82896f15acf3d8b4\scripts\script.js,604,generated by chatgpt,method,"[608,621]",,
Stochastic-Parrot\e817a47d76abac7f15a34f0b11dde8c2193981b8\packages\stochastic-parrot\src\lib\mastodon.mjs,140,generated by chatgpt,no code,,,
portfolio349\fcf5ea45e37568ff8cafd76ac49476c5e4fd48d6\src\components\Projects.js,26,generated by chatgpt,no code,,,
chit-chat-champion\ead85f2687dfffce2215a9f2b97a2989b311cab8\src\views\gameModes\gameModes.js,10,generated by chatgpt,no code,,,
ai-shirts-designer\137075fe934fa7bd709c4ecd5dad53f3a088e433\client\src\components\CustomButton.jsx,5,generated by chatgpt,statement,"[5, 5]",,
ubicomp_assign_2\e362bd3069ea1381f1d8a76b9a7a04cbcfeb61dc\Logic\Cheerleader.js,3,generated by chatgpt,statement,"[3, 4]",,input
programming_JS\ce6e3d5b426c1178f9fea0a03720823c05092ebf\06_week\objects\objects_2.js,19,generated by chatgpt,file,"[1,83]",,
lumina\c28ae107274c44a38647dc10663b04b883602e3f\lumina\src\components\editor.js,161,generated by chatgpt,statement,"[162,175]",,
eslint-config\3b74ad2a660340fff6117654c72acb1dfebc034f\fixtures\input\javascript.js,1,generated by chatgpt,file,"[1,72]",,
eslint-config\16ee4a7443baf81d81482586aea921e06785d715\fixtures\output\js\javascript.js,1,generated by chatgpt,file,"[1,72]",,
eslint-config-h21\5b7d1627fe6cbf4d24c0a5bb6b5e7452e2f0dfb0\fixtures\javascript.js,1,generated by chatgpt,file,"[1,72]",,
fmt\0a18a45f68476dbcd14c8daf0cd85af859e86c01\packages\eslint-config\fixtures\output\no-style\javascript.js,1,generated by chatgpt,file,"[1,71]",,
eslint-config\fe8372596da63e43b1db021d2e4d1634c5622d4f\eslint\fixtures\output\no-style\javascript.js,1,generated by chatgpt,file,"[1,62]",,
eslint-config\16ee4a7443baf81d81482586aea921e06785d715\fixtures\output\tab-double-quotes\javascript.js,1,generated by chatgpt,file,"[1,72]",,
eslint-config\c08e238d9d01b8b14c51a8de87d53e5f29807738\fixtures\output\tab-double-quotes\javascript.js,1,generated by chatgpt,file,"[1,63]",,
eslint-config\2c4796982ba87cdc84547de2eadcc26db26a9f32\fixtures\output\tab-double-quotes\javascript.js,1,generated by chatgpt,file,"[1,62]",,
userscripts\52819bfd70ba416c0dd69c37dee9f22f6cdc3c93\src\ChatGPT: Function Enhance.user.js,21,generated by chatgpt,,,,
carbdown.github.io\cdc0cac24dc2ee633f5af2d98dbf2fe836153d76\src\pages\blogs\SensorBlog.jsx,29,generated by chatgpt,no code,,,
stell3r\2c09e90df7cc59aac2eec993e86a193157b737c6\js\dynamicmessage.js,5,generated by chatgpt,file,"[1,87]",,
TP1-dev-web\061607b28ef007131c6e6a1fa1be36b575bd2021\src\Components\NestedGrid.js,12,generated by chatgpt,method,"[13,32]",,
Using-Konduktiva-With-MIDI\a4fe0844bfcb987ecdd1d62441365df72220678a\arrayTransformations.js,10,generated with chatgpt,method,"[11,21]",,
r\a5037d2bc687de9a3cc7181229689db631fbcebb\game\game.js,2,generated by chatgpt,file,"[1,103]",,
social-network-api\a0c85cff2e0dca381a1c854f4c80e957a1d3ec1c\utils\data.js,2,generated by chatgpt,statement,"[5,46]",,input
TomorrowNowApp\d367e77288b20d13c6887c5b2c3559d96db40c90\webapp\src\components\OpenLayers\Filters\shaders.js\gaussianRandomWalk.js,1,generated by chatgpt,file,"[1,64]",,
livecode_19_sketchbook\88ce9055c99a5aa66e991c12c588e92e7b84d7c9\sketches\cf_sketching\06_pixels\paint_01.js,5,generated by chatgpt,statement,"[7,13]",,input
TopLandWeb\50b18e20cbcd43d6f072a1530c6af93d2f12f689\src\htmlHelper.js,14,generated by chatgpt,statement,"[15,16]",,regular expression
ubicomp_assign_1\c11eb47a03eca7adcf95f415920c9eb5d84a5f7a\assignment_1\pages\AllTrails.js,11,generated by chatgpt,statement,"[11, 11]",,input
TVShowTracker\0f46c96f068b7e48a35a97af8c99b005e377227f\frontend\static\scripts\main.js,1,generated by chatgpt,no code,,,
GoogleSnakePudding\ce56d255cf4fe6cd11d05dc0b82ba7eb56409592\PuddingMod.js,2809,generated by chatgpt,method,"[2810,2842]",,
ruffle\6a94ec42bd9ad89ab68e1e57b94e8e3b125a81a4\js\subtitle.js,5,generated by chatgpt,file,"[1,484]",,input
purvs\83119bd822493e1575bed9721f5e69ed7a8f93ab\clock\2023\Riley_Campbell\clock.js,122,generated by chatgpt,statement,"[123, 123]",,input
eslint-config\3b74ad2a660340fff6117654c72acb1dfebc034f\fixtures\output\js\javascript.js,1,generated by chatgpt,file,"[1,72]",,
eslint-config\b4d4cdc6d0a460717658c5f9df258cccfeb6fbaf\fixtures\input\javascript.js,1,generated by chatgpt,file,"[1,62]",,
Newsly-App\1a813f45e1b17c9b456f5b8199e4968b4544d5d4\src\settings.js,5038,generated by chatgpt,no code,,,
eslint-config\1d49ad6edfc939e6b6c106d64cbaff1ffa3f6d53\fixtures\javascript.js,1,generated by chatgpt,file,"[1,71]",,
Web-And-Mobile-App-Development-CS-370\fad6f98692449726c4edfccaf96d457a2dadfe57\React_Portfolio_Website\portfolio_website\src\components\ContactPage.jsx,5,generated by chatgpt,no code,,,
eslint-config\de4d7e4b4bac30c2b4750319272c2c1bf6839bdd\fixtures\input\javascript.js,1,generated by chatgpt,file,"[1,62]",,
eslint-config\2d739e77972d88042973ea93a4bbe6ae3c197c82\fixtures\output\overrides\javascript.js,1,generated by chatgpt,file,"[1,72]",,
CECS-491A-Spec\4240e0e16be56d2a1c125be7e43e19316e0f67e9\Project_Source_Code\Front-End\scripts\carHealthRatingScript.js,90,generated by chatgpt,statement,"[91, 91]",,
eslint-config\de4d7e4b4bac30c2b4750319272c2c1bf6839bdd\fixtures\output\js\javascript.js,1,generated by chatgpt,file,"[1,63]",,
eslint-config\2c4796982ba87cdc84547de2eadcc26db26a9f32\fixtures\output\js\javascript.js,1,generated by chatgpt,file,"[1,62]",,
KV6002-Research-Recruitment-Solution\f5166e15e111f085ac8c856d1eb902623e06328e\front\src\components\ViewStudiesResearcher\ShowStudies.jsx,2,generated by chatgpt,no code,,,
eslint-config\de4d7e4b4bac30c2b4750319272c2c1bf6839bdd\fixtures\output\no-style\javascript.js,1,generated by chatgpt,file,"[1,62]",,
eslint-config\2c4796982ba87cdc84547de2eadcc26db26a9f32\fixtures\output\no-style\javascript.js,1,generated by chatgpt,file,"[1,62]",,
ChatGPT-ToolBox\4cf35474c77d44eca90d33b2df721ccd675b3956\toolbox.user.js,19,generated by chatgpt,,,,
ui-generator\94974d547965a8694999271ec9bf4973caf2edfb\iterative_prompting_demo\src\sample_usage.js,17,generated by chatgpt,no code,,,
keysurf\42135619049c357ca70da08e9bcc3b3ff750840e\src\lib\sentences\randomSentence.js,7,generated by chatgpt,statement,"[8,14]",,input
top-n-binning\34ecc9b7969e11e5de36d1cc093cec95d676cce2\src\Graph.test.js,131,generated by chatgpt,no code,,,
chatgpt-todo\b2ecaed8e38769b91788dbdb1afc863eabb2bf84\react-app\src\TodoTracker.js,4,generated by chatgpt,file,"[1,95]",,
4-connect-4-languages\e57c08b73dc21a14abcc1dad51a7ccc1edff6202\four-connect.js,1,generated by chatgpt,file,"[1,153]",,
hackernews-gpt\e680d27c3123717d206d3760a30057afcaf7998c\react-app\src\App.js,50,generated by chatgpt,no code,,,
eslint-config\6c1e597bbd26234c1a62778c0e82f8ac9a77eaa4\fixtures\output\all\javascript.js,1,generated by chatgpt,file,"[1,63]",,
eslint-config\e1f56e3b5de64a02993af28082310fa3b862ea70\fixtures\output\all\javascript.js,1,generated by chatgpt,file,"[1,63]",,
eslint-config\e80be3847656c41bdf1e959826d6547d8c23ce9d\fixtures\output\all\javascript.js,1,generated by chatgpt,file,"[1,63]",,
eslint-config\c97442b039cae50f8600013d868dfeaf5508c931\fixtures\output\all\javascript.js,1,generated by chatgpt,file,"[1,63]",,
eslint-config\16ee4a7443baf81d81482586aea921e06785d715\fixtures\output\all\javascript.js,1,generated by chatgpt,file,"[1,63]",,
eslint-config\16ee4a7443baf81d81482586aea921e06785d715\fixtures\output\ts-override\javascript.js,1,generated by chatgpt,file,"[1,72]",,
eslint-config\3a42ad6f65796231dee454984044f8f3d9f364f1\fixtures\output\with-formatters-customize\javascript.js,1,generated by chatgpt,file,"[1,72]",,
eslint-config\16ee4a7443baf81d81482586aea921e06785d715\fixtures\output\no-markdown-with-formatters\javascript.js,1,generated by chatgpt,file,"[1,72]",,
outredgames3442\2c09e90df7cc59aac2eec993e86a193157b737c6\js\dynamicmessage.js,5,generated by chatgpt,file,"[1,87]",,
outredgames\2c09e90df7cc59aac2eec993e86a193157b737c6\js\dynamicmessage.js,5,generated by chatgpt,file,"[1,87]",,
retd\2c09e90df7cc59aac2eec993e86a193157b737c6\js\dynamicmessage.js,5,generated by chatgpt,file,"[1,87]",,
outredgames\2c09e90df7cc59aac2eec993e86a193157b737c6\js\dynamicmessage.js,5,generated by chatgpt,file,"[1,87]",,
oldsite\ae0a9d56d4c664a921eb47eca9f7e6a5a6e5845c\3kh0\js\subtitle.js,5,generated by chatgpt,file,"[1,484]",,
eslint-config\3b74ad2a660340fff6117654c72acb1dfebc034f\fixtures\output\all\javascript.js,1,generated by chatgpt,file,"[1,72]",,
eslint-config\3b74ad2a660340fff6117654c72acb1dfebc034f\fixtures\output\ts-override\javascript.js,1,generated by chatgpt,file,"[1,72]",,
eslint-config\3b74ad2a660340fff6117654c72acb1dfebc034f\fixtures\output\with-formatters\javascript.js,1,generated by chatgpt,file,"[1,72]",,
eslint-config\3b74ad2a660340fff6117654c72acb1dfebc034f\fixtures\output\no-markdown-with-formatters\javascript.js,1,generated by chatgpt,file,"[1,72]",,
eslint-config\de4d7e4b4bac30c2b4750319272c2c1bf6839bdd\fixtures\output\all\javascript.js,1,generated by chatgpt,file,"[1,63]",,
eslint-config\de4d7e4b4bac30c2b4750319272c2c1bf6839bdd\fixtures\output\ts-override\javascript.js,1,generated by chatgpt,file,"[1,63]",,
eslint-config\87abc35ff742bee2ede542ed45e74e069337777d\fixtures\output\with-formatters\javascript.js,1,generated by chatgpt,file,"[1,72]",,
eslint-config\e13cabc6f39be2c8625506aecfc3123a19daf187\fixtures\output\no-markdown-with-formatters\javascript.js,1,generated by chatgpt,file,"[1,72]",,
eslint-config\2c4796982ba87cdc84547de2eadcc26db26a9f32\fixtures\output\all\javascript.js,1,generated by chatgpt,file,"[1,62]",,
eslint-config\2c4796982ba87cdc84547de2eadcc26db26a9f32\fixtures\output\ts-override\javascript.js,1,generated by chatgpt,file,"[1,62]",,
eslint-config\30c870d05f57d05d0fa0ebf9a4f3ed5412a8b5e1\fixtures\output\no-style\javascript.js,1,generated by chatgpt,file,"[1,62]",,
cheatGPT\7dac639beafc38bdb7beb841ddc030c47b4bbe8a\src\pages\Home\Result\result.js,13,generated by chatgpt,no code,,,
dezign-brief\f4fa1bcf153419ba4e24ddc6d46c890a84b19cb0\components\Hero.jsx,8,generated by chatgpt,no code,,,
exoreray.github.io\57c63564ca90f79e089600239795d14ebfba466e\src\components\About.js,9,generated by chatgpt,no code,,,
MNIST-WEB-APPLICATION\c8c9cfaf92dc6c8a103c455136b10acfafc3cc09\server\script.js,51,generated by chatgpt,file,"[1,51]",,
codewars\ac8aafb9dcbd50d5eeff7b2dacb89540d929afbe\caesar-cipher.js,1,generated by chatgpt,file,"[1,34]",,
scottdantuono\5bf7ad728394b7fdc8e0f59550c19f8af527c6b3\src\components\Projects.js,28,generated by chatgpt,no code,,,
ruffle\6a94ec42bd9ad89ab68e1e57b94e8e3b125a81a4\js\switch.js,7,generated by chatgpt,file,"[1,78]",,
avoid-the-asteroids-game\64023fff9c38443920ccef4ca8147482177a8b61\index.js,164,generated by chatgpt,no code,,,
atlasaiteam\f5a6769a0f57831b4e33a0d8a649c9a7c54002f2\spotlight-web-app\src\server\main.js,580,generated by chatgpt,no code,,,
sapro-cdam-capstone\921b9979ed229a5b56f6ee4d233fd64b656e1430\sapro-cdam\src\pages\About.jsx,32,generated by chatgpt,file,"[1,35]",,
code-red\1708c550a3ae26f4c42d9fd09446c8e9d7d65de4\app.js,82,generated by chatgpt,no code,,,
PDM1-example-code\a4ada76b6cff074618ff8ec6db5eaea8b76412e3\Lectures\W9L2 examples\spaghettiCode\sketch.js,1,generated by chatgpt,file,"[1,48]",,
ffmpeg-hevc-wasm\6ca94aa584e57eea0a58ecd6bdef354f942680d0\yuv420p-renderer.js,1,generated by chatgpt,file,"[1,150]",,
GoogleSnakeChess\6c3e8675707cbad410944fa376b7454baaf7dff0\ChessMod.js,2923,generated by chatgpt,no code,,,
calculator-app\2adfd752b5e1c4154b5de63df6e6bfe94bd2ad88\screens\CalculatorScreen.js,77,generated by chatgpt,no code,,,
eslint-config\3b74ad2a660340fff6117654c72acb1dfebc034f\fixtures\output\no-style\javascript.js,1,generated by chatgpt,file,"[1,72]",,
little_lemon\cab7ce5c1234b44a3faab808485da88a01cd5911\src\components\Home\About.js,7,generated by chatgpt,no code,,,
GoogleSnakePudding\95d53b7a49998d07b3fc715c7a9cb59f938e7002\Libraries\SpeedInfo.js,391,generated by chatgpt,method,"[392,420]",,
Comp-4537-ISA-lab0\9e8eb1234cdb2b4094d5ede6d4af235adbb00091\js\script.js,70,generated by chatgpt,statement,"[71,83]",,input
eslint-config\b4d4cdc6d0a460717658c5f9df258cccfeb6fbaf\fixtures\output\all\javascript.js,1,generated by chatgpt,file,"[1,62]",,
eslint-config\e4a4ed92ef81a9d004700f477f73b1c55e9565f0\fixtures\input\javascript.js,1,generated by chatgpt,file,"[1,62]",,
fmt\0a18a45f68476dbcd14c8daf0cd85af859e86c01\packages\eslint-config\fixtures\output\js\javascript.js,1,generated by chatgpt,file,"[1,71]",,
carbdown.github.io\cdc0cac24dc2ee633f5af2d98dbf2fe836153d76\src\pages\blogs\TwinBlog.jsx,29,generated by chatgpt,no code,,,
eslint-config\94d88b65e90b4dbe2650597780d57ae20dd5201d\fixtures\output\tab-double-quotes\javascript.js,1,generated by chatgpt,file,"[1,63]",,
On-this-day-in-history\f8ccff7c4d83c9e405f35c8c4f6dfd26da8ac94c\client\src\pages\otdPage.jsx,53,generated by chatgpt,no code,,,
CPEN321_Pixel_Pioneer\7628666f83a9f7e5b7586b6b2f22c2102611b553\backend\routes\apimanager.js,34,generated by chatgpt,method,"[35,61]",,
dezign-brief\70b721492967ca3527483e5b17b2a7492dc11ad6\app\brief\page.jsx,28,generated by chatgpt,no code,,,
fake-store\f4ca5ca0479cc43f321927d664d1d5fa5cbe082f\src\pages\NotFound.jsx,3,generated by chatgpt,file,"[1,15]",,
DontDrownJS\aca65693781a604be7035d8e654722f6a5dae1da\dont-drown-app\src\utils\functions.js,8,generated by chatgpt,method,"[7,27]",,
Using-Konduktiva-With-MIDI\dbb39f39670ffae329b1cce77ed641f9ef758710\chords.js,269,generated by chatgpt,method,"[270,283]",,
computational-art-spring2024\d21bd7bd0723086f5f2a4dfa7b359462fd8f82e3\assignments\final\FaceMapState.js,105,generated by chatgpt,method,"[106,113]",,
EXU-Scrape\31437e31a407323caaed58054c24eb0deba99156\graphics\pie.js,131,generated by chatgpt,method,"[135,157]",,
Kyles-Game\8db6ce4272fc276886a4c27a0d52f088c7fddf0f\js\script.js,790,generated by chatgpt,method,"[791,804]",,
ExpensesTracker\bb4857cd9246d060ca57e8eec3d0ab797b72b8b8\contexts\TestData.jsx,3,generated by chatgpt,statement,"[1,165]",,input
ruffle\6a94ec42bd9ad89ab68e1e57b94e8e3b125a81a4\js\tab.js,8,generated by chatgpt,file,"[1,76]",,
code\ed49a9b0e27df41d486dacc6eac4225e9bf6fc68\languages\react\chatgpt\src\App.jsx,95,generated by chatgpt,no code,,,
GoogleSnakeDeleteStuffMod\4e25124c60e49badee25ac2b2801740970c1e797\VisibilityMod.js,2809,generated by chatgpt,no code,,,
eslint-config\bc6d930c350dd9a0c8558d163f6ab02eb4d7685d\fixtures\output\js\javascript.js,1,generated by chatgpt,file,"[1,71]",,
eslint-config\94d88b65e90b4dbe2650597780d57ae20dd5201d\fixtures\output\no-style\javascript.js,1,generated by chatgpt,file,"[1,62]",,
eslint-config\5b197e8df4e1f3064f622884fe44667e1ce1eba7\fixtures\input\javascript.js,1,generated by chatgpt,file,"[1,72]",,
Codeworks-Assignment\1c8dfa0ca156f7a321fe29cbf298261154c6ae36\script.js,5,generated by chatgpt,statement,"[[6,9],[12,25]]",,input
COMP-4537-Lab-4-API\1a69059b2f8940db64a1c1841e20d1020c2aa42d\modules\utils.js,10,generated by chatgpt,,,,
eslint-config\bc6d930c350dd9a0c8558d163f6ab02eb4d7685d\fixtures\output\tab-single-quotes-no-semi\javascript.js,1,generated by chatgpt,file,"[1,71]",,
eslint-config\3b74ad2a660340fff6117654c72acb1dfebc034f\fixtures\output\tab-double-quotes\javascript.js,1,generated by chatgpt,file,"[1,72]",,
ruffle\6a94ec42bd9ad89ab68e1e57b94e8e3b125a81a4\js\updateCheck.js,5,generated by chatgpt,file,"[1,42]",,
kurssiesitieto-ohtuprojekti\842746d7c62a8b404ad3874be5f3f372872b081b\backend\db\index.test.js,107,generated by chatgpt,file,"[1,105]",,
seattlecontratunes\b370e3192aeab7972e85821490627714c8323aaa\seattlecontratunes\song_directory\static\song_directory\tune_manipulation\changedClef.js,1,generated by chatgpt,file,"[1,22]",,
public-files\7df0f182d2491aaa7d12a2dadd19e6fa574a38d2\rainbow6\new_method.js,1,generated by chatgpt,file,"[1,101]",,
eslint-config\6c1e597bbd26234c1a62778c0e82f8ac9a77eaa4\fixtures\output\no-style\javascript.js,1,generated by chatgpt,file,"[1,62]",,
eslint-config\bc6d930c350dd9a0c8558d163f6ab02eb4d7685d\fixtures\output\no-style\javascript.js,1,generated by chatgpt,file,"[1,72]",,
eslint-config\30c870d05f57d05d0fa0ebf9a4f3ed5412a8b5e1\fixtures\output\no-style\javascript.js,1,generated by chatgpt,file,"[1,62]",,
eslint-config\422c8cc495e0c6b03455f02731f6bbcb22b110b9\fixtures\output\no-style\javascript.js,1,generated by chatgpt,file,"[1,72]",,
oldsite\ae0a9d56d4c664a921eb47eca9f7e6a5a6e5845c\3kh0\js\switch.js,7,generated by chatgpt,file,"[1,78]",,
fmt\0a18a45f68476dbcd14c8daf0cd85af859e86c01\packages\eslint-config\fixtures\output\all\javascript.js,1,generated by chatgpt,file,"[1,71]",,
fmt\0a18a45f68476dbcd14c8daf0cd85af859e86c01\packages\eslint-config\fixtures\output\ts-override\javascript.js,1,generated by chatgpt,file,"[1,71]",,
fmt\0a18a45f68476dbcd14c8daf0cd85af859e86c01\packages\eslint-config\fixtures\output\with-formatters\javascript.js,1,generated by chatgpt,file,"[1,71]",,
fmt\0a18a45f68476dbcd14c8daf0cd85af859e86c01\packages\eslint-config\fixtures\output\no-markdown-with-formatters\javascript.js,1,generated by chatgpt,file,"[1,71]",,
oldsite\ae0a9d56d4c664a921eb47eca9f7e6a5a6e5845c\3kh0\js\tab.js,8,generated by chatgpt,file,"[1,76]",,
eslint-config\bc6d930c350dd9a0c8558d163f6ab02eb4d7685d\fixtures\output\all\javascript.js,1,generated by chatgpt,file,"[1,71]",,
eslint-config\bc6d930c350dd9a0c8558d163f6ab02eb4d7685d\fixtures\output\ts-override\javascript.js,1,generated by chatgpt,file,"[1,71]",,
eslint-config\5b197e8df4e1f3064f622884fe44667e1ce1eba7\fixtures\output\all\javascript.js,1,generated by chatgpt,file,"[1,71]",,
eslint-config\5b197e8df4e1f3064f622884fe44667e1ce1eba7\fixtures\output\ts-override\javascript.js,1,generated by chatgpt,file,"[1,71]",,
eslint-config\c08e238d9d01b8b14c51a8de87d53e5f29807738\fixtures\output\no-style\javascript.js,1,generated by chatgpt,file,"[1,62]",,
oldsite\ae0a9d56d4c664a921eb47eca9f7e6a5a6e5845c\3kh0\js\updateCheck.js,5,generated by chatgpt,file,"[1,42]",,
eslint-config\bbac13209e21be4bf979427625ad559dbd4df8a1\fixtures\output\tab-double-quotes\javascript.js,1,generated by chatgpt,file,"[1,63]",,
GoogleSnakeMouseMode\b0d5a893c612b95c589f5520a32c671ecd520784\MouseMod.js,2827,generated by chatgpt,no code,,,
showcases\2ccffd9b90f4fe15ff627c14f48d12ebb2fbc3c8\REST\server-app\server.js,1,generated by chatgpt,file,"[1,220]",,
chatGPT-save-history\72c10441205b5697b5422799b23325abc80654c9\src\pages\Content\FabComp.jsx,107,generated by chatgpt,method,"[107,150]",,
cryptogramm_fnl_prj\e5614f1b3c18ed0fc0cb390ff9aca8dd695bb998\src\components\modal-contents\Help.jsx,7,generated by chatgpt,no code,,,
Portfolio\215b338b4e9ebab7609dfe517652d8bff97f6b3d\src\components\CareerTimeline.js,92,generated by chatgpt,no code,,,
terminal-landing\18bf1c638534e8ce4156b41df7c51bcdd6ff8e7f\src\routes\About\About.js,90,generated by chatgpt,no code,,,
tomothy17.github.io\23558778934743bc8b6ddfa245273140407069b5\tictactoe\script.js,33,generated by chatgpt,method,"[34,41]",,
portfolio\ce7d0dae162d79da05d5fbe6633c4397e2d308f4\pages\index.jsx,212,generated by chatgpt,no code,,,
eslint-config\94d88b65e90b4dbe2650597780d57ae20dd5201d\fixtures\input\javascript.js,1,generated by chatgpt,file,"[1,62]",,
eslint-config\fe8372596da63e43b1db021d2e4d1634c5622d4f\eslint\fixtures\output\js\javascript.js,1,generated by chatgpt,file,"[1,62]",,
jimmcnulty41.github.io\b1174266df9efe7aea909abb362ea176db6bdd5e\sims\build\utils.js,112,generated by chatgpt,method,"[114,133]",,
raejohnsen.github.io\30d7b49ecddc17bbe8abac7c24f82eb30bd32c70\exercise6\main.js,1,generated by chatgpt,file,"[1,36]",,
Using-Konduktiva-With-MIDI\0d700f2e43578830d83343747fc4cf0787d3cde6\generate-melody.js,63,generated by chatgpt,method,"[65,81]",,
evolux.util\5f25fed5f6bd735a0301c13c9ade9f9dc16f2f23\lib\serialize.mjs,73,generated by chatgpt,no code,,,
node-react-cookbook\0e65610e4344eb832699a56f7fbab045b0833e8f\express-session-authentication\index.js,2,generated by chatgpt,file,"[1,114]",,
kanban\1c4e567f7bc11e5b4d8be8d6091f8c4991c97608\js\kanban.js,150,generated by chatgpt,method,"[154,160]",,
auftragsbearbeitung\1166b57043f12163c2254f1a97ca40828e57ba49\files\res\js\classes\statusInfo.js,136,generated by chatgpt,class,"[138,257]",,
GoogleSnakePudding\c465b7edfba62f5aa2544e68096148ff39db9aea\MorePudding.js,2826,generated by chatgpt,no code,,,
ruffle\6a94ec42bd9ad89ab68e1e57b94e8e3b125a81a4\js\search.js,15,generated by chatgpt,file,"[1,31]",,
NoteDrop-frontend\72ae4cd9c19b7edefbdf0078f91f84e7a83642bd\src\components\About\About.jsx,47,generated by chatgpt,no code,,,
carbdown.github.io\cdc0cac24dc2ee633f5af2d98dbf2fe836153d76\src\pages\blogs\OutreachBlog.jsx,29,generated by chatgpt,no code,,,
sketch-connect\edaec88b8dea14d5fc7c212f052c2a4a119c2eca\client\src\pages\homepage.js,12,generated by chatgpt,no code,,,
crazyblogs\7369da5facc12a6aabddbd87293d1ad1767bc6fe\client\src\Pages\AboutPage.js,54,generated by chatgpt,no code,,,
nodejs-worker-threads-talk\4111c47ff0b976a0e451441f5dcfb085ae7686f6\07-pi-with-atomics\compute-pi.js,5,generated by chatgpt,file,"[1,35]",,
fmt\0a18a45f68476dbcd14c8daf0cd85af859e86c01\packages\eslint-config\fixtures\input\javascript.js,1,generated by chatgpt,file,"[1,71]",,
eslint-config\ca0bf8b05cea127683d7731d3b4319a5e7ee3601\fixtures\output\javascript.js,1,generated by chatgpt,file,"[1,64]",,
eslint-config\422c8cc495e0c6b03455f02731f6bbcb22b110b9\fixtures\output\js\javascript.js,1,generated by chatgpt,file,"[1,72]",,
eslint-config\c08e238d9d01b8b14c51a8de87d53e5f29807738\fixtures\output\js\javascript.js,1,generated by chatgpt,file,"[1,63]",,
eslint-config-vue\179156d5ed9213e4d362dc99acfb1ec8f374cca4\subjects\output\with-formatters\javascript.js,1,generated by chatgpt,file,"[1,72]",,
eslint-config\5b197e8df4e1f3064f622884fe44667e1ce1eba7\fixtures\output\tab-single-quotes\javascript.js,1,generated by chatgpt,file,"[1,71]",,
eslint-config\94d88b65e90b4dbe2650597780d57ae20dd5201d\fixtures\output\js\javascript.js,1,generated by chatgpt,file,"[1,63]",,
eslint-config\49f2a386378961dbfec4e4ed973b36c1c42ecf79\eslint\fixtures\output\tab-double-quotes\javascript.js,1,generated by chatgpt,file,"[1,72]",,
jscourse\3a823e2335b6b0c25d62c025995eebcd0052ba92\Projects\bankistdom\script.js,118,generated by chatgpt,no code,,,
codefights\925636e0fc713d37b1f717083da9a42a73e1a0a7\leetcode\sudoku.js,1,generated by copilot,file,"[1,91]",,
edge-extension-examples\f947cd27891885bc2c8462f56ecbae793f41deb6\sharepoint-extension\content.js,14,generated by copilot,method,"[15,35]",,
AdventOfCode2023\c99164f0ff9d818a3a1271cab334527f4795af8a\Day2-Conundrum\main.js,7,generated by copilot,file,"[1,133]",,
dfa-challenge-2-bank\0fe2bd4d3d63eb0c625eec5408c49a86592dd14a\src\Account.js,39,generated by copilot,method,"[38,47]",,
Ocero_Fighter_Game\a3ba233b53728787b22d322538c8e714e49a1d69\app.js,49,generated by copilot,statement,"[49, 49]",,
JSWizardry\13a8d18ad949a6562bfc911a47a6e18e7785e991\JavaScript\very_easy\[20] Buggy Code (Part 5) [VE].js,59,generated by copilot,method,"[58,66]",,
dfa-fullstack-app-skyward\5e205173a298e541a7eb01b1ada790a608775197\frontend\src\components\Header.jsx,2,generated by copilot,file,"[1,90]",,
pt-shortcuts\ef9804dbedbabd93bf91664abe8577ebb1bbfd35\src\App.js,55,generated by copilot,statement,"[22,46]",,
paycode-customer-v2\466e1d3446aae86ff89153bb91128892eb9ae1fc\packages\config\utils.js,220,generated by copilot,method,"[222,287]",,
CopilotTest\d8a68bec3f5ca9d3f880bb73367f13f10e19565f\main.js,16,generated by copilot,statement,"[17,20]",,
dfa-challenge-2-bank\0fe2bd4d3d63eb0c625eec5408c49a86592dd14a\spec\account.spec.js,29,generated by copilot,statement,"[30,109]",,
Front-end\53fc4f5aafc1340db146023215515d397d649b5d\others\test.js,540,generated by copilot,class,"[543,568]",,
editor\9e045152ff21df6a5863f0f7b2528b37228c8ff5\code-oss\modules\vs\editor\test\common\model\bracketPairColorizer\combineTextEditInfos.test.js,78,generated by copilot,class,"[79,114]",,
CandyUtilities\7d2c70b82fbda94699dddbeb0f2c7b9affe7bddc\image\images.js,48,generated by gpt3,method,"[55,79]",,
pwndoc-export-tool\850487eef041dbfc0f2013e12e81f4cb435bbb55\utils.js,61,generated by gpt3,no code,,,
docquery\d1bbc10e5fd811c74e83026d07492d8d50ca64d2\src\docquery\find_leaf_nodes.js,1,generated by gpt-3,file,"[1,66]",,
OpenAI-Discord-Bot\5e48c0210988406269d4c6552f448c540159c5d6\src\commands\ask.js,13,generated by gpt-3,no code,,,
gepeto\c58aef62af9824e82ce08ce14082c0a287fb271d\electron\app.js,92,generated by gpt-3,no code,,,
uvec-summer-2022\53041e671ed27707764ae6ef64926de5fcc4eb84\backend\src\schema.js,33,generated by gpt-3,no code,,,
Trendr-News_Summarization\e0e5e804eff016fc47af1f6e02be462847bd1292\backend\api\models\newsModel.js,24,generated by gpt-3,no code,,,
Modern-AI-Website-React-JS\9a06e986d2ab962821b47c6f31193b43ca2c7c81\src\containers\header\Header.jsx,14,generated by gpt-3,no code,,,
theblogsystem\21bcd88bb7b98dccdbbf48a93c78154a3bc97028\src\siteMetadata.js,7,generated by gpt-3,no code,,,
yuzu-project\71d3ca039c04743d83ba580ddb76793727003245\db_build.cjs,180,generated by gpt-3,file,"[1,178]",,
blip\e9b4f8e7a1fbdda31ecf91ddc61b48dc401590fe\blip-react\src\components\ArticleModal\ResultCard.js,41,generated by gpt-3,no code,,,
discord-chatbot--Oleg\f1ee173704c1e18a6647201bb5432b0ba0efa32a\src\index.js,140,generated by gpt-3,no code,,,
Neumont-Capstone\60eafff26790dc55ae2cc4b3db1555dbf67b839e\Project\react-app\src\components\AnimatedDotsByGPT.jsx,29,generated by gpt-3,no code,,,
VIDEOAI\b656688618a6c25daa776b6bf854eec30995eef2\app\static\js\main.js,45,generated by gpt-3,no code,,,
Web-Services-Tutorial\f41f9472af7af30d59c29bbb5e38a8d282236930\src\server.js,70,generated by gpt-3,no code,,,
generativai\b0284718eed29abea8311f11d2b5a7c3f0330504\functions\index.js,157,generated by gpt-3,no code,,,
OpenAi-Bot\40875ad1a4013cbbe63afc40ba45950fc90f936b\src\commands\ask.js,13,generated by gpt-3,no code,,,
confluence-wizard\12fdcd544b71514c773da91f7ee370365423d664\src\index.js,211,generated by gpt-3,no code,,,
Kapil_OCR\3bb154b486cc1cf086b466ce1eae97d53726efdd\doc-parser-icici\src\docquery\find_leaf_nodes.js,1,generated by gpt-3,file,"[1,66]",,
trendr\60bca4f536165b1e2b705abd22f317463e2e1d7b\backend\api\models\newsModel.js,28,generated by gpt-3,no code,,,
AI-News-Summaries-SocialApp\dfdf0607b74efdbb80b64e6ca8ee50b96feef419\backend\api\models\newsModel.js,28,generated by gpt-3,no code,,,
ChatGPT-Bot\dd71cc026bd1c669da5d648503cebfb55d43723e\src\commands\ask.js,13,generated by gpt-3,no code,,,
gptlint\54d4626ef8302d3e05f9f07afa250874fa542383\fixtures\evals\use-esm\correct\5418d40f.js,13,generated by gpt-4,file,"[1,13]",,
ai\f5f6331e02558a93522859a6ee2abfc61944e94f\misc\square-root-app.js,2,generated by gpt-4,file,"[1,64]",,
microsims\b8e391a334514554dc93028a32c37fcf96a28ac7\docs\sims\pwm\pwm.js,3,generated by gpt-4,file,"[1,56]",,
langchain-semantic-length-example-selector\fa21b41ebe3f989d9bc0eb254c45d18df37127c9\examples\index.js,22,generated by gpt-4,statement,"[23,34]",,
AiandRobo\1b2d991397593ac0df2702fa811ebd6ea16158ee\js\script.js,62,generated by gpt-4,no code,,,
llama-court-app\be8b0eef4cc5aac4f92e4a7027ed87636e6edee9\src\app\page.js,106,generated by gpt-4,no code,,,
ai-docs\648b7c8ad32069ba1a1829714932140b4d48b13a\src\utils.mjs,28,generated by gpt-4,no code,,,
storyteller_be\654b401b6c85514a36c25ec6fd9c79957c5b1b28\server.js,48,generated by gpt-4,no code,,,
Creativity-Experiments\dabf060529f8850ea4e09c3f166696ba8ddf30ec\src\AUT\Generate.js,74,generated by gpt-4,no code,,,
creativity\6895cc2efea3457cdb25158bc9ba707a9191ec91\interface\src\AUT\Absent.js,233,generated by gpt-4,no code,,,
orchestrai\6582f8fc6d1ead422b5b1d2c0ec9d03ec700235c\src\components\ResearchContent.jsx,167,generated by gpt-4,no code,,,
gptlint\5f32e707ba3eb796c0d1e969a1f121ec8736e1ef\fixtures\evals\prefer-loose-array-bounds-checks-in-loops\incorrect\944c32ed.js,12,generated by gpt-4,file,"[1,12]",,
mc-portfolio-frontend\248afceb5a7c65957c5ba98929918e86b6a16cab\src\components\RecipePage.js,27,generated by gpt-4,no code,,,
learn-langchain\dbc827be0256f254074f063a4c5d30a2f3a9985f\docs\sims\logic-gates\logic-gate-lib.js,3,generated by gpt-4,file,"[1,337]",,
creativity\6895cc2efea3457cdb25158bc9ba707a9191ec91\interface\src\AUT\Coach.js,229,generated by gpt-4,no code,,,
gptlint\68b15ce26f1c9b301de525408dbf68cd1ae24fc3\fixtures\evals\no-hardcoded-secrets\incorrect\f3d0b18e.js,5,generated by gpt-4,no code,,,
creativity\99c7169fa091d01edbb5dad7aefbd17174e2889c\interface\src\AUT\Generate.js,149,generated by gpt-4,no code,,,
gptlint\e7dde3d4fc94b7f543bd7fd21f3ba2543665a5a1\fixtures\evals\prefer-early-return\incorrect\244c3110.js,9,generated by gpt-4,file,"[1,9]",,
gptlint\68b15ce26f1c9b301de525408dbf68cd1ae24fc3\fixtures\evals\no-hardcoded-secrets\correct\17588472.js,11,generated by gpt-4,file,"[1,11]",,
gptlint\68b15ce26f1c9b301de525408dbf68cd1ae24fc3\fixtures\evals\no-hardcoded-secrets\correct\7eb04e10.js,4,generated by gpt-4,file,"[1,4]",,
gptlint\68b15ce26f1c9b301de525408dbf68cd1ae24fc3\fixtures\evals\no-hardcoded-secrets\correct\0be65f2d.js,11,generated by gpt-4,file,"[1,9]",,
gptlint\68b15ce26f1c9b301de525408dbf68cd1ae24fc3\fixtures\evals\no-hardcoded-secrets\incorrect\2b41f4a2.js,6,generated by gpt-4,file,"[1,5]",,
gptlint\68b15ce26f1c9b301de525408dbf68cd1ae24fc3\fixtures\evals\no-hardcoded-secrets\incorrect\f231e3ed.js,5,generated by gpt-4,file,"[1,3]",,
gptlint\68b15ce26f1c9b301de525408dbf68cd1ae24fc3\fixtures\evals\no-hardcoded-secrets\incorrect\1ce1ba2b.js,8,generated by gpt-4,file,"[1,8]",,
gptlint\68b15ce26f1c9b301de525408dbf68cd1ae24fc3\fixtures\evals\no-hardcoded-secrets\incorrect\bed7623f.js,8,generated by gpt-4,file,"[1,8]",,
gptlint\5f32e707ba3eb796c0d1e969a1f121ec8736e1ef\fixtures\evals\prefer-loose-array-bounds-checks-in-loops\correct\a788602c.js,10,generated by gpt-4,file,"[1,10]",,
gptlint\5f32e707ba3eb796c0d1e969a1f121ec8736e1ef\fixtures\evals\prefer-loose-array-bounds-checks-in-loops\correct\1ea90083.js,10,generated by gpt-4,file,"[1,10]",,
gptlint\5f32e707ba3eb796c0d1e969a1f121ec8736e1ef\fixtures\evals\prefer-loose-array-bounds-checks-in-loops\correct\0b045d74.js,10,generated by gpt-4,file,"[1,10]",,
gptlint\68b15ce26f1c9b301de525408dbf68cd1ae24fc3\fixtures\evals\no-hardcoded-secrets\correct\349e4407.js,4,generated by gpt-4,file,"[1,4]",,
gptlint\5f32e707ba3eb796c0d1e969a1f121ec8736e1ef\fixtures\evals\prefer-loose-array-bounds-checks-in-loops\incorrect\6eda3a49.js,9,generated by gpt-4,file,"[1,9]",,
gptlint\5f32e707ba3eb796c0d1e969a1f121ec8736e1ef\fixtures\evals\prefer-loose-array-bounds-checks-in-loops\incorrect\949822cb.js,11,generated by gpt-4,file,"[1,11]",,
gptlint\68b15ce26f1c9b301de525408dbf68cd1ae24fc3\fixtures\evals\no-hardcoded-secrets\incorrect\3eb37fed.js,8,generated by gpt-4,file,"[1,8]",,
gptlint\68b15ce26f1c9b301de525408dbf68cd1ae24fc3\fixtures\evals\no-hardcoded-secrets\incorrect\73c670c2.js,5,generated by gpt-4,file,"[1,5]",,
gptlint\d778cf0369b7c44ab181e70b09c178818af52e29\fixtures\evals\always-handle-promises\incorrect\fab3d9f1.js,10,generated by gpt-4,file,"[1,10]",,
gptlint\e7dde3d4fc94b7f543bd7fd21f3ba2543665a5a1\fixtures\evals\prefer-early-return\correct\c9cdf147.js,10,generated by gpt-4,file,"[1,10]",,
gptlint\54d4626ef8302d3e05f9f07afa250874fa542383\fixtures\evals\use-esm\correct\347096a9.js,9,generated by gpt-4,file,"[1,9]",,
gptlint\68b15ce26f1c9b301de525408dbf68cd1ae24fc3\fixtures\evals\no-hardcoded-secrets\correct\c35bd208.js,5,generated by gpt-4,file,"[1,5]",,
gptlint\68b15ce26f1c9b301de525408dbf68cd1ae24fc3\fixtures\evals\no-hardcoded-secrets\correct\f43fa7ea.js,4,generated by gpt-4,file,"[1,4]",,
gptlint\68b15ce26f1c9b301de525408dbf68cd1ae24fc3\fixtures\evals\no-hardcoded-secrets\correct\e61c3754.js,10,generated by gpt-4,file,"[1,10]",,
gptlint\68b15ce26f1c9b301de525408dbf68cd1ae24fc3\fixtures\evals\no-hardcoded-secrets\correct\61b641f4.js,8,generated by gpt-4,file,"[1,8]",,
gptlint\54d4626ef8302d3e05f9f07afa250874fa542383\fixtures\evals\use-esm\incorrect\e00d7173.js,10,generated by gpt-4,file,"[1,10]",,
gptlint\54d4626ef8302d3e05f9f07afa250874fa542383\fixtures\evals\use-esm\incorrect\f2dd462e.js,7,generated by gpt-4,file,"[1,7]",,
gptlint\68b15ce26f1c9b301de525408dbf68cd1ae24fc3\fixtures\evals\no-hardcoded-secrets\incorrect\94476ec1.js,6,generated by gpt-4,file,"[1,6]",,
gptlint\5f32e707ba3eb796c0d1e969a1f121ec8736e1ef\fixtures\evals\prefer-loose-array-bounds-checks-in-loops\correct\5e52ea7b.js,8,generated by gpt-4,file,"[1,8]",,
gptlint\68b15ce26f1c9b301de525408dbf68cd1ae24fc3\fixtures\evals\no-hardcoded-secrets\correct\31be1cd6.js,7,generated by gpt-4,file,"[1,7]",,
gptlint\68b15ce26f1c9b301de525408dbf68cd1ae24fc3\fixtures\evals\no-hardcoded-secrets\incorrect\fa3d004d.js,8,generated by gpt-4,file,"[1,8]",,
gptlint\d778cf0369b7c44ab181e70b09c178818af52e29\fixtures\evals\always-handle-promises\correct\6a9778a1.js,12,generated by gpt-4,file,"[1,12]",,
gptlint\68b15ce26f1c9b301de525408dbf68cd1ae24fc3\fixtures\evals\no-hardcoded-secrets\incorrect\11bea0df.js,5,generated by gpt-4,file,"[1,5]",,
gptlint\68b15ce26f1c9b301de525408dbf68cd1ae24fc3\fixtures\evals\no-hardcoded-secrets\incorrect\8efa7ede.js,5,generated by gpt-4,file,"[1,5]",,
gptlint\68b15ce26f1c9b301de525408dbf68cd1ae24fc3\fixtures\evals\no-hardcoded-secrets\incorrect\c1422751.js,5,generated by gpt-4,file,"[1,5]",,
gptlint\68b15ce26f1c9b301de525408dbf68cd1ae24fc3\fixtures\evals\no-hardcoded-secrets\incorrect\64891f30.js,5,generated by gpt-4,file,"[1,5]",,
gptlint\d778cf0369b7c44ab181e70b09c178818af52e29\fixtures\evals\always-handle-promises\incorrect\9e046657.js,8,generated by gpt-4,file,"[1,8]",,
gptlint\e7dde3d4fc94b7f543bd7fd21f3ba2543665a5a1\fixtures\evals\prefer-early-return\correct\6038a5f3.js,10,generated by gpt-4,file,"[1,10]",,
gptlint\5f32e707ba3eb796c0d1e969a1f121ec8736e1ef\fixtures\evals\prefer-loose-array-bounds-checks-in-loops\correct\ef70f678.js,7,generated by gpt-4,file,"[1,7]",,
gptlint\5f32e707ba3eb796c0d1e969a1f121ec8736e1ef\fixtures\evals\prefer-loose-array-bounds-checks-in-loops\correct\9a91a8b7.js,8,generated by gpt-4,file,"[1,8]",,
gptlint\e7dde3d4fc94b7f543bd7fd21f3ba2543665a5a1\fixtures\evals\prefer-early-return\incorrect\ff0aff36.js,9,generated by gpt-4,file,"[1,9]",,
gptlint\5f32e707ba3eb796c0d1e969a1f121ec8736e1ef\fixtures\evals\prefer-loose-array-bounds-checks-in-loops\incorrect\4775dfd5.js,10,generated by gpt-4,file,"[1,10]",,
gptlint\5f32e707ba3eb796c0d1e969a1f121ec8736e1ef\fixtures\evals\prefer-loose-array-bounds-checks-in-loops\incorrect\2a532fe5.js,9,generated by gpt-4,file,"[1,9]",,
gptlint\5f32e707ba3eb796c0d1e969a1f121ec8736e1ef\fixtures\evals\prefer-loose-array-bounds-checks-in-loops\incorrect\92ef3242.js,9,generated by gpt-4,file,"[1,9]",,
gptlint\d778cf0369b7c44ab181e70b09c178818af52e29\fixtures\evals\always-handle-promises\correct\4ca784c0.js,11,generated by gpt-4,file,"[1,11]",,
gptlint\d778cf0369b7c44ab181e70b09c178818af52e29\fixtures\evals\always-handle-promises\correct\825f3274.js,11,generated by gpt-4,file,"[1,11]",,
gptlint\68b15ce26f1c9b301de525408dbf68cd1ae24fc3\fixtures\evals\no-hardcoded-secrets\incorrect\b91bfc24.js,5,generated by gpt-4,file,"[1,5]",,
gptlint\e7dde3d4fc94b7f543bd7fd21f3ba2543665a5a1\fixtures\evals\prefer-early-return\correct\871a9b7b.js,10,generated by gpt-4,file,"[1,10]",,
gptlint\e7dde3d4fc94b7f543bd7fd21f3ba2543665a5a1\fixtures\evals\prefer-early-return\correct\058a555e.js,10,generated by gpt-4,file,"[1,10]",,
gptlint\68b15ce26f1c9b301de525408dbf68cd1ae24fc3\fixtures\evals\no-hardcoded-secrets\correct\77fc754e.js,6,generated by gpt-4,file,"[1,6]",,
gptlint\5f32e707ba3eb796c0d1e969a1f121ec8736e1ef\fixtures\evals\prefer-loose-array-bounds-checks-in-loops\incorrect\1a7bae92.js,9,generated by gpt-4,file,"[1,9]",,
gptlint\68b15ce26f1c9b301de525408dbf68cd1ae24fc3\fixtures\evals\no-hardcoded-secrets\incorrect\817e9578.js,5,generated by gpt-4,file,"[1,5]",,
gptlint\68b15ce26f1c9b301de525408dbf68cd1ae24fc3\fixtures\evals\no-hardcoded-secrets\incorrect\d13f7cd7.js,5,generated by gpt-4,file,"[1,5]",,
gptlint\d778cf0369b7c44ab181e70b09c178818af52e29\fixtures\evals\always-handle-promises\correct\28933481.js,8,generated by gpt-4,file,"[1,8]",,
gptlint\68b15ce26f1c9b301de525408dbf68cd1ae24fc3\fixtures\evals\no-hardcoded-secrets\incorrect\f85265c6.js,5,generated by gpt-4,file,"[1,5]",,
gptlint\68b15ce26f1c9b301de525408dbf68cd1ae24fc3\fixtures\evals\no-hardcoded-secrets\incorrect\f784bc01.js,5,generated by gpt-4,file,"[1,5]",,
gptlint\68b15ce26f1c9b301de525408dbf68cd1ae24fc3\fixtures\evals\no-hardcoded-secrets\incorrect\864f8a0a.js,8,generated by gpt-4,file,"[1,8]",,
gptlint\68b15ce26f1c9b301de525408dbf68cd1ae24fc3\fixtures\evals\no-hardcoded-secrets\incorrect\d76b7605.js,7,generated by gpt-4,file,"[1,7]",,
gptlint\68b15ce26f1c9b301de525408dbf68cd1ae24fc3\fixtures\evals\no-hardcoded-secrets\incorrect\f4ec0956.js,8,generated by gpt-4,file,"[1,8]",,
gptlint\5f32e707ba3eb796c0d1e969a1f121ec8736e1ef\fixtures\evals\prefer-loose-array-bounds-checks-in-loops\correct\52d9b945.js,10,generated by gpt-4,file,"[1,10]",,
gptlint\54d4626ef8302d3e05f9f07afa250874fa542383\fixtures\evals\use-esm\correct\0bdc219d.js,13,generated by gpt-4,file,"[1,13]",,
gptlint\68b15ce26f1c9b301de525408dbf68cd1ae24fc3\fixtures\evals\no-hardcoded-secrets\correct\7efbbb47.js,7,generated by gpt-4,file,"[1,7]",,
gptlint\68b15ce26f1c9b301de525408dbf68cd1ae24fc3\fixtures\evals\no-hardcoded-secrets\correct\1be92bd1.js,8,generated by gpt-4,file,"[1,8]",,
gptlint\68b15ce26f1c9b301de525408dbf68cd1ae24fc3\fixtures\evals\no-hardcoded-secrets\correct\0aa1bf5e.js,8,generated by gpt-4,file,"[1,8]",,
gptlint\e7dde3d4fc94b7f543bd7fd21f3ba2543665a5a1\fixtures\evals\prefer-early-return\incorrect\d0659dab.js,9,generated by gpt-4,file,"[1,9]",,
gptlint\e7dde3d4fc94b7f543bd7fd21f3ba2543665a5a1\fixtures\evals\prefer-early-return\incorrect\6551f1cd.js,9,generated by gpt-4,file,"[1,9]",,
gptlint\5f32e707ba3eb796c0d1e969a1f121ec8736e1ef\fixtures\evals\prefer-loose-array-bounds-checks-in-loops\incorrect\4ffc0919.js,11,generated by gpt-4,file,"[1,11]",,
gptlint\5f32e707ba3eb796c0d1e969a1f121ec8736e1ef\fixtures\evals\prefer-loose-array-bounds-checks-in-loops\incorrect\27681e7b.js,12,generated by gpt-4,file,"[1,12]",,
gptlint\54d4626ef8302d3e05f9f07afa250874fa542383\fixtures\evals\use-esm\incorrect\9d5b492d.js,8,generated by gpt-4,file,"[1,8]",,
gptlint\54d4626ef8302d3e05f9f07afa250874fa542383\fixtures\evals\use-esm\incorrect\3eb577dd.js,8,generated by gpt-4,file,"[1,8]",,
gptlint\68b15ce26f1c9b301de525408dbf68cd1ae24fc3\fixtures\evals\no-hardcoded-secrets\incorrect\88b23f19.js,5,generated by gpt-4,file,"[1,5]",,
gptlint\68b15ce26f1c9b301de525408dbf68cd1ae24fc3\fixtures\evals\no-hardcoded-secrets\incorrect\eb495287.js,5,generated by gpt-4,file,"[1,5]",,
gptlint\d778cf0369b7c44ab181e70b09c178818af52e29\fixtures\evals\always-handle-promises\correct\c937d1a8.js,10,generated by gpt-4,file,"[1,10]",,
gptlint\d778cf0369b7c44ab181e70b09c178818af52e29\fixtures\evals\always-handle-promises\incorrect\b1c357fc.js,10,generated by gpt-4,file,"[1,10]",,
gptlint\d778cf0369b7c44ab181e70b09c178818af52e29\fixtures\evals\always-handle-promises\incorrect\f28503e3.js,10,generated by gpt-4,file,"[1,10]",,
gptlint\e7dde3d4fc94b7f543bd7fd21f3ba2543665a5a1\fixtures\evals\prefer-early-return\correct\cd2b466d.js,10,generated by gpt-4,file,"[1,10]",,
gptlint\e7dde3d4fc94b7f543bd7fd21f3ba2543665a5a1\fixtures\evals\prefer-early-return\correct\f456d3e6.js,10,generated by gpt-4,file,"[1,10]",,
gptlint\5f32e707ba3eb796c0d1e969a1f121ec8736e1ef\fixtures\evals\prefer-loose-array-bounds-checks-in-loops\correct\7b8a5aaf.js,10,generated by gpt-4,file,"[1,10]",,
gptlint\68b15ce26f1c9b301de525408dbf68cd1ae24fc3\fixtures\evals\no-hardcoded-secrets\correct\139de068.js,7,generated by gpt-4,file,"[1,7]",,
gptlint\68b15ce26f1c9b301de525408dbf68cd1ae24fc3\fixtures\evals\no-hardcoded-secrets\correct\09c63d16.js,6,generated by gpt-4,file,"[1,6]",,
gptlint\5f32e707ba3eb796c0d1e969a1f121ec8736e1ef\fixtures\evals\prefer-loose-array-bounds-checks-in-loops\incorrect\dd3b7604.js,9,generated by gpt-4,file,"[1,9]",,
gptlint\d778cf0369b7c44ab181e70b09c178818af52e29\fixtures\evals\always-handle-promises\correct\abe20b73.js,15,generated by gpt-4,file,"[1,15]",,
gptlint\e7dde3d4fc94b7f543bd7fd21f3ba2543665a5a1\fixtures\evals\prefer-early-return\correct\1a014485.js,10,generated by gpt-4,file,"[1,10]",,
gptlint\5f32e707ba3eb796c0d1e969a1f121ec8736e1ef\fixtures\evals\prefer-loose-array-bounds-checks-in-loops\correct\386a7fea.js,8,generated by gpt-4,file,"[1,8]",,
gptlint\5f32e707ba3eb796c0d1e969a1f121ec8736e1ef\fixtures\evals\prefer-loose-array-bounds-checks-in-loops\correct\f51b488f.js,6,generated by gpt-4,file,"[1,6]",,
AI\5d3a2ec42a9fb262bc68d518d3044e9c39d607f2\apps\square-root-app.js,2,generated by gpt-4,method,"[3,14]",,
gptlint\54d4626ef8302d3e05f9f07afa250874fa542383\fixtures\evals\use-esm\correct\56744460.js,8,generated by gpt-4,file,"[1,8]",,
gptlint\54d4626ef8302d3e05f9f07afa250874fa542383\fixtures\evals\use-esm\correct\09d2495d.js,7,generated by gpt-4,file,"[1,7]",,
gptlint\54d4626ef8302d3e05f9f07afa250874fa542383\fixtures\evals\use-esm\incorrect\eead58f7.js,6,generated by gpt-4,file,"[1,6]",,
gptlint\68b15ce26f1c9b301de525408dbf68cd1ae24fc3\fixtures\evals\no-hardcoded-secrets\incorrect\8a6f55e8.js,8,generated by gpt-4,file,"[1,8]",,
gptlint\68b15ce26f1c9b301de525408dbf68cd1ae24fc3\fixtures\evals\no-hardcoded-secrets\correct\c7fbd591.js,7,generated by gpt-4,file,"[1,7]",,
gptlint\d778cf0369b7c44ab181e70b09c178818af52e29\fixtures\evals\always-handle-promises\correct\b829c446.js,10,generated by gpt-4,file,"[1,10]",,
gptlint\68b15ce26f1c9b301de525408dbf68cd1ae24fc3\fixtures\evals\no-hardcoded-secrets\correct\31890a25.js,7,generated by gpt-4,file,"[1,7]",,
gptlint\68b15ce26f1c9b301de525408dbf68cd1ae24fc3\fixtures\evals\no-hardcoded-secrets\correct\b7a98e6e.js,6,generated by gpt-4,file,"[1,6]",,
gptlint\e7dde3d4fc94b7f543bd7fd21f3ba2543665a5a1\fixtures\evals\prefer-early-return\incorrect\e8222d19.js,9,generated by gpt-4,file,"[1,9]",,
gptlint\68b15ce26f1c9b301de525408dbf68cd1ae24fc3\fixtures\evals\no-hardcoded-secrets\incorrect\ca04b0be.js,5,generated by gpt-4,file,"[1,5]",,
gptlint\d778cf0369b7c44ab181e70b09c178818af52e29\fixtures\evals\always-handle-promises\incorrect\4009bdd0.js,10,generated by gpt-4,file,"[1,10]",,
gptlint\5f32e707ba3eb796c0d1e969a1f121ec8736e1ef\fixtures\evals\prefer-loose-array-bounds-checks-in-loops\incorrect\708afc1b.js,7,generated by gpt-4,file,"[1,7]",,
gptlint\d778cf0369b7c44ab181e70b09c178818af52e29\fixtures\evals\always-handle-promises\correct\c478e140.js,15,generated by gpt-4,file,"[1,15]",,
gptlint\d778cf0369b7c44ab181e70b09c178818af52e29\fixtures\evals\always-handle-promises\correct\c03b2629.js,10,generated by gpt-4,file,"[1,10]",,
gptlint\d778cf0369b7c44ab181e70b09c178818af52e29\fixtures\evals\always-handle-promises\incorrect\e9ebfb2f.js,9,generated by gpt-4,file,"[1,9]",,
gptlint\5f32e707ba3eb796c0d1e969a1f121ec8736e1ef\fixtures\evals\prefer-loose-array-bounds-checks-in-loops\correct\4f0758ea.js,10,generated by gpt-4,file,"[1,10]",,
gptlint\5f32e707ba3eb796c0d1e969a1f121ec8736e1ef\fixtures\evals\prefer-loose-array-bounds-checks-in-loops\correct\5fb9dad4.js,10,generated by gpt-4,file,"[1,10]",,
gptlint\5f32e707ba3eb796c0d1e969a1f121ec8736e1ef\fixtures\evals\prefer-loose-array-bounds-checks-in-loops\correct\786f9992.js,8,generated by gpt-4,file,"[1,8]",,
gptlint\68b15ce26f1c9b301de525408dbf68cd1ae24fc3\fixtures\evals\no-hardcoded-secrets\correct\137e428c.js,8,generated by gpt-4,file,"[1,8]",,
gptlint\68b15ce26f1c9b301de525408dbf68cd1ae24fc3\fixtures\evals\no-hardcoded-secrets\correct\45722a2a.js,5,generated by gpt-4,file,"[1,5]",,
gptlint\e7dde3d4fc94b7f543bd7fd21f3ba2543665a5a1\fixtures\evals\prefer-early-return\incorrect\48629a5d.js,11,generated by gpt-4,file,"[1,11]",,
gptlint\5f32e707ba3eb796c0d1e969a1f121ec8736e1ef\fixtures\evals\prefer-loose-array-bounds-checks-in-loops\incorrect\cf0efede.js,10,generated by gpt-4,file,"[1,10]",,
gptlint\d778cf0369b7c44ab181e70b09c178818af52e29\fixtures\evals\always-handle-promises\incorrect\0abd0ac3.js,12,generated by gpt-4,file,"[1,12]",,
gptlint\d778cf0369b7c44ab181e70b09c178818af52e29\fixtures\evals\always-handle-promises\incorrect\370731da.js,11,generated by gpt-4,file,"[1,11]",,
gptlint\d778cf0369b7c44ab181e70b09c178818af52e29\fixtures\evals\always-handle-promises\incorrect\f033fe19.js,10,generated by gpt-4,file,"[1,10]",,
gptlint\d778cf0369b7c44ab181e70b09c178818af52e29\fixtures\evals\always-handle-promises\incorrect\d8341ae7.js,10,generated by gpt-4,file,"[1,10]",,
gptlint\5f32e707ba3eb796c0d1e969a1f121ec8736e1ef\fixtures\evals\prefer-loose-array-bounds-checks-in-loops\correct\213dfe64.js,8,generated by gpt-4,file,"[1,8]",,
gptlint\5f32e707ba3eb796c0d1e969a1f121ec8736e1ef\fixtures\evals\prefer-loose-array-bounds-checks-in-loops\incorrect\61cff69f.js,12,generated by gpt-4,file,"[1,12]",,
gptlint\d778cf0369b7c44ab181e70b09c178818af52e29\fixtures\evals\always-handle-promises\correct\1529d740.js,11,generated by gpt-4,file,"[1,11]",,
gptlint\68b15ce26f1c9b301de525408dbf68cd1ae24fc3\fixtures\evals\no-hardcoded-secrets\incorrect\179ae708.js,5,generated by gpt-4,file,"[1,5]",,
gptlint\5f32e707ba3eb796c0d1e969a1f121ec8736e1ef\fixtures\evals\prefer-loose-array-bounds-checks-in-loops\correct\b9f69080.js,6,generated by gpt-4,file,"[1,6]",,
Python-Syslog-Server\eda56760300b5b3f6e17618dd4c0de30f60fed40\frontend\app\api\validators.js,43,generated using chatgpt,method,"[45,57]",,
PurpleSlurple\4d59cc199258c90dbc0612fb18a6a33d711d2a58\hyperscope\bookmarklet.js,1,generated using chatgpt,file,"[1,6]",,
generative-experiments\d709bc74a7b6eb22d3e9ae74099a9c3500f6db45\assets\js\favicon.js,2,generated using chatgpt,file,"[1,60]",,
CyberStrike\431a0998f7b086258dd841cdbbd631fc75c2317c\images\images-list.js,2,generated using chatgpt,no code,,,
Craigslist\189004ed0d67f1d63e079318a2b866577b5386e3\scripts\name.js,1,generated using chatgpt,statement,"[2,306]",,input
HCPlus-Plugins\60a729125557e2793ab7c4d8a2f89928d9128d18\plugins\i18n_extension\index.js,2,generated using chatgpt,statement,"[6,1394]",,input
evento\6560f946536364756faf94df55082c5f081bb669\public\assets\js\theme.js,74,generated using chatgpt,no code,,,
Sec_Plus_Quiz_App\6086dfdeb38c99897aaf43904487b04a7ffec2da\src\questions.js,1,generated using chatgpt,statement,"[3,242]",,input
wp-chat-site\2b3c6db7d4f8cd364d29ef0a1a693f51cd24e4d3\src\components\Chat.jsx,12,generated using chatgpt,statement,"[13,30]",,input
KV6002-Research-Recruitment-Solution\f5166e15e111f085ac8c856d1eb902623e06328e\front\src\components\DraftJSForms\CreateStudyForm.jsx,2,generated using chatgpt,no code,,,
Craigslist\189004ed0d67f1d63e079318a2b866577b5386e3\scripts\browser\home.js,1494,generated using chatgpt,statement,[1495],,input
consulting-site\fd9b697439b90b851f380de64dbdffc6b8a77d82\site-arch-diag-mermaid.js,1,generated using chatgpt,file,"[1,34]",,
SpringBootWithAPIPersonalWebsiteV2\3562daeddc4660cb2c8f426019f43126b64f0890\server\src\main\resources\static\standalonePortfolioSites\MemmelModule6Assignment\js\main.js,141,generated using chatgpt,statement,"[140,157]",,input
PurpleSlurple\4d59cc199258c90dbc0612fb18a6a33d711d2a58\hyperscope\add-purple-numbers.js,1,generated using chatgpt,file,"[1,21]",,
KV6002-Research-Recruitment-Solution\f5166e15e111f085ac8c856d1eb902623e06328e\front\src\components\ViewStudiesParticipant\ShowStudiesParticipant.jsx,2,generated using chatgpt,no code,,,
Craigslist\189004ed0d67f1d63e079318a2b866577b5386e3\scripts\browser\post.js,1494,generated using chatgpt,statement,[1495],,input
purple-hyperscope\7b11bda360a38de3d4710d5f7bdd42ce72145612\ps-hyperscope-bookmarklet.js,1,generated using chatgpt,file,"[1,7]",,
KV6002-Research-Recruitment-Solution\f5166e15e111f085ac8c856d1eb902623e06328e\front\src\components\DraftJSForms\CreateEditForm.jsx,2,generated using chatgpt,no code,,,
Craigslist\189004ed0d67f1d63e079318a2b866577b5386e3\scripts\browser\search.js,1494,generated using chatgpt,statement,[1495],,
2024-S-GROUP7-LifeQuest\6a80640f81667e8ce2f01dc43646f336ae3927bb\app\src\tests\RegistrationPage.test.js,1,generated using chatgpt,file,"[1,112]",,
SW-testing-private\b17391b343dd98f35dab7120ad1287ad9c67eaad\test\isEmpty.test.js,6,generated using chatgpt,file,"[1,78]",test code,
2024-S-GROUP4-SMTK\d1390b06d73d52e0fda2ee525745990aedc22b6a\small-talk\app\components\foodPage\MealCustomization.test.js,4,generated using chatgpt,file,"[1,34]",test code,
YouTalent\6560f946536364756faf94df55082c5f081bb669\public\assets\js\theme.js,74,generated using chatgpt,no code,,,
resume-website\722b42d0bbcd02abf887ae8ed523d67a7e7a980f\resume-website\src\projects\ProjectResumeWebsite.js,61,generated using gpt-4,no code,,,
math-service\23399f359f49b56a844f5af47e344034f033f118\swagger-config.js,8,generated with copilot,no code,,,
korhox\36593430c305160537beb489e642888acbe4cd93\app\page\letter\[receiver]\data\example.js,23,generated with copilot,no code,,,
GIOCO\4f2f01eabda0bc25b3ec3788bc4f8c3dd6423171\gioco\.netlify\server\entries\pages\_page.svelte.js,141,generated with copilot,no code,,,
copilot-context-demo\2a550b41dedc9c0e78be43e30ca196b86e886b85\swagger-config.js,8,generated with copilot,no code,,,
site\4a8b8b4db28f2e6b02abd64df7b26e38d41fe97a\src\components\Footer.jsx,191,generated with gpt-4,statement,"[[192,194],[198,203],[206,211]]",,
